S|354719|406534
K|208200|214692
7|30|31
d|97164|120428
Y|476086|477908
E|120435|137617
y|476088|477907
g|153902|169001
e|120437|137614
J|203773|208199
q|329742|333013
D|97162|120434
b|31884|57081
z|477910|479826
w|463425|475453
-|36|479761
Q|329740|333012
M|229408|255614
C|57084|97160
L|214693|229405
X|475454|476074
P|287610|329737
'|97161|458109
a|39|31881
T|406536|432455
N|255617|272290
2|8|13
j|203775|208198
Z|477909|479827
1|1|7
u|432458|456389
k|208202|214688
t|406537|432454
W|463423|475449
v|456401|463419
B|31882|57082
s|354721|406533
H|169004|188331
c|57086|97158
&|57083|57083
I|188334|203772
G|153900|169003
U|432456|456398
F|137618|153899
r|333016|354711
x|475455|476084
V|456399|463422
h|169005|188329
f|137619|153897
i|188335|203771
6|28|29
A|37|31870
n|255619|272287
O|272293|287609
3|14|19
9|34|35
m|229412|255615
8|32|33
l|214695|229402
4|20|24
p|287612|329739
R|333014|354716
5|25|27
o|272297|287607
